% time	cellId	IMSI	RNTI	currFr	currSf	scPrdStartFr	scPrdStartSf	psschRbLen	psschStartRb	mcs	sizeTb	rv	dropped
3044	0	1	8	305	9	305	1	10	30	16	389	0	0
3044	0	2	10	305	9	305	1	10	40	16	389	0	0
3044	0	3	2	305	9	305	1	10	0	16	389	0	0
3044	0	4	6	305	9	305	1	10	20	16	389	0	0
3044	0	5	3	305	9	305	1	10	10	16	389	0	0
3052	0	1	8	306	7	305	1	10	30	16	389	1	0
3052	0	2	10	306	7	305	1	10	40	16	389	1	0
3052	0	3	2	306	7	305	1	10	0	16	389	1	0
3052	0	4	6	306	7	305	1	10	20	16	389	1	0
3052	0	5	3	306	7	305	1	10	10	16	389	1	0
3060	0	1	8	307	5	305	1	10	30	16	389	2	0
3060	0	2	10	307	5	305	1	10	40	16	389	2	0
3060	0	3	2	307	5	305	1	10	0	16	389	2	0
3060	0	4	6	307	5	305	1	10	20	16	389	2	0
3060	0	5	3	307	5	305	1	10	10	16	389	2	0
3068	0	1	8	308	3	305	1	10	30	16	389	3	0
3068	0	2	10	308	3	305	1	10	40	16	389	3	0
3068	0	3	2	308	3	305	1	10	0	16	389	3	0
3068	0	4	6	308	3	305	1	10	20	16	389	3	0
3068	0	5	3	308	3	305	1	10	10	16	389	3	0
3124	0	1	8	313	9	313	1	10	30	16	389	0	0
3124	0	2	10	313	9	313	1	10	40	16	389	0	0
3124	0	3	2	313	9	313	1	10	0	16	389	0	0
3124	0	4	6	313	9	313	1	10	20	16	389	0	0
3124	0	5	3	313	9	313	1	10	10	16	389	0	0
3132	0	1	8	314	7	313	1	10	30	16	389	1	0
3132	0	2	10	314	7	313	1	10	40	16	389	1	0
3132	0	3	2	314	7	313	1	10	0	16	389	1	0
3132	0	4	6	314	7	313	1	10	20	16	389	1	0
3132	0	5	3	314	7	313	1	10	10	16	389	1	0
3140	0	1	8	315	5	313	1	10	30	16	389	2	0
3140	0	2	10	315	5	313	1	10	40	16	389	2	0
3140	0	3	2	315	5	313	1	10	0	16	389	2	0
3140	0	4	6	315	5	313	1	10	20	16	389	2	0
3140	0	5	3	315	5	313	1	10	10	16	389	2	0
3148	0	1	8	316	3	313	1	10	30	16	389	3	0
3148	0	2	10	316	3	313	1	10	40	16	389	3	0
3148	0	3	2	316	3	313	1	10	0	16	389	3	0
3148	0	4	6	316	3	313	1	10	20	16	389	3	0
3148	0	5	3	316	3	313	1	10	10	16	389	3	0
3244	0	1	8	325	9	325	1	10	30	16	389	0	0
3244	0	2	10	325	9	325	1	10	40	16	389	0	0
3244	0	3	2	325	9	325	1	10	0	16	389	0	0
3244	0	4	6	325	9	325	1	10	20	16	389	0	0
3244	0	5	3	325	9	325	1	10	10	16	389	0	0
3252	0	1	8	326	7	325	1	10	30	16	389	1	0
3252	0	2	10	326	7	325	1	10	40	16	389	1	0
3252	0	3	2	326	7	325	1	10	0	16	389	1	0
3252	0	4	6	326	7	325	1	10	20	16	389	1	0
3252	0	5	3	326	7	325	1	10	10	16	389	1	0
3260	0	1	8	327	5	325	1	10	30	16	389	2	0
3260	0	2	10	327	5	325	1	10	40	16	389	2	0
3260	0	3	2	327	5	325	1	10	0	16	389	2	0
3260	0	4	6	327	5	325	1	10	20	16	389	2	0
3260	0	5	3	327	5	325	1	10	10	16	389	2	0
3268	0	1	8	328	3	325	1	10	30	16	389	3	0
3268	0	2	10	328	3	325	1	10	40	16	389	3	0
3268	0	3	2	328	3	325	1	10	0	16	389	3	0
3268	0	4	6	328	3	325	1	10	20	16	389	3	0
3268	0	5	3	328	3	325	1	10	10	16	389	3	0
3324	0	1	8	333	9	333	1	10	30	16	389	0	0
3324	0	2	10	333	9	333	1	10	40	16	389	0	0
3324	0	3	2	333	9	333	1	10	0	16	389	0	0
3324	0	4	6	333	9	333	1	10	20	16	389	0	0
3324	0	5	3	333	9	333	1	10	10	16	389	0	0
3332	0	1	8	334	7	333	1	10	30	16	389	1	0
3332	0	2	10	334	7	333	1	10	40	16	389	1	0
3332	0	3	2	334	7	333	1	10	0	16	389	1	0
3332	0	4	6	334	7	333	1	10	20	16	389	1	0
3332	0	5	3	334	7	333	1	10	10	16	389	1	0
3340	0	1	8	335	5	333	1	10	30	16	389	2	0
3340	0	2	10	335	5	333	1	10	40	16	389	2	0
3340	0	3	2	335	5	333	1	10	0	16	389	2	0
3340	0	4	6	335	5	333	1	10	20	16	389	2	0
3340	0	5	3	335	5	333	1	10	10	16	389	2	0
3348	0	1	8	336	3	333	1	10	30	16	389	3	0
3348	0	2	10	336	3	333	1	10	40	16	389	3	0
3348	0	3	2	336	3	333	1	10	0	16	389	3	0
3348	0	4	6	336	3	333	1	10	20	16	389	3	0
3348	0	5	3	336	3	333	1	10	10	16	389	3	0
3444	0	1	8	345	9	345	1	10	30	16	389	0	0
3444	0	2	10	345	9	345	1	10	40	16	389	0	0
3444	0	3	2	345	9	345	1	10	0	16	389	0	0
3444	0	4	6	345	9	345	1	10	20	16	389	0	0
3444	0	5	3	345	9	345	1	10	10	16	389	0	0
3452	0	1	8	346	7	345	1	10	30	16	389	1	0
3452	0	2	10	346	7	345	1	10	40	16	389	1	0
3452	0	3	2	346	7	345	1	10	0	16	389	1	0
3452	0	4	6	346	7	345	1	10	20	16	389	1	0
3452	0	5	3	346	7	345	1	10	10	16	389	1	0
3460	0	1	8	347	5	345	1	10	30	16	389	2	0
3460	0	2	10	347	5	345	1	10	40	16	389	2	0
3460	0	3	2	347	5	345	1	10	0	16	389	2	0
3460	0	4	6	347	5	345	1	10	20	16	389	2	0
3460	0	5	3	347	5	345	1	10	10	16	389	2	0
3468	0	1	8	348	3	345	1	10	30	16	389	3	0
3468	0	2	10	348	3	345	1	10	40	16	389	3	0
3468	0	3	2	348	3	345	1	10	0	16	389	3	0
3468	0	4	6	348	3	345	1	10	20	16	389	3	0
3468	0	5	3	348	3	345	1	10	10	16	389	3	0
3524	0	1	8	353	9	353	1	10	30	16	389	0	0
3524	0	2	10	353	9	353	1	10	40	16	389	0	0
3524	0	3	2	353	9	353	1	10	0	16	389	0	0
3524	0	4	6	353	9	353	1	10	20	16	389	0	0
3524	0	5	3	353	9	353	1	10	10	16	389	0	0
3532	0	1	8	354	7	353	1	10	30	16	389	1	0
3532	0	2	10	354	7	353	1	10	40	16	389	1	0
3532	0	3	2	354	7	353	1	10	0	16	389	1	0
3532	0	4	6	354	7	353	1	10	20	16	389	1	0
3532	0	5	3	354	7	353	1	10	10	16	389	1	0
3540	0	1	8	355	5	353	1	10	30	16	389	2	0
3540	0	2	10	355	5	353	1	10	40	16	389	2	0
3540	0	3	2	355	5	353	1	10	0	16	389	2	0
3540	0	4	6	355	5	353	1	10	20	16	389	2	0
3540	0	5	3	355	5	353	1	10	10	16	389	2	0
3548	0	1	8	356	3	353	1	10	30	16	389	3	0
3548	0	2	10	356	3	353	1	10	40	16	389	3	0
3548	0	3	2	356	3	353	1	10	0	16	389	3	0
3548	0	4	6	356	3	353	1	10	20	16	389	3	0
3548	0	5	3	356	3	353	1	10	10	16	389	3	0
3644	0	1	8	365	9	365	1	10	30	16	389	0	0
3644	0	2	10	365	9	365	1	10	40	16	389	0	0
3644	0	3	2	365	9	365	1	10	0	16	389	0	0
3644	0	4	6	365	9	365	1	10	20	16	389	0	0
3644	0	5	3	365	9	365	1	10	10	16	389	0	0
3652	0	1	8	366	7	365	1	10	30	16	389	1	0
3652	0	2	10	366	7	365	1	10	40	16	389	1	0
3652	0	3	2	366	7	365	1	10	0	16	389	1	0
3652	0	4	6	366	7	365	1	10	20	16	389	1	0
3652	0	5	3	366	7	365	1	10	10	16	389	1	0
3660	0	1	8	367	5	365	1	10	30	16	389	2	0
3660	0	2	10	367	5	365	1	10	40	16	389	2	0
3660	0	3	2	367	5	365	1	10	0	16	389	2	0
3660	0	4	6	367	5	365	1	10	20	16	389	2	0
3660	0	5	3	367	5	365	1	10	10	16	389	2	0
3668	0	1	8	368	3	365	1	10	30	16	389	3	0
3668	0	2	10	368	3	365	1	10	40	16	389	3	0
3668	0	3	2	368	3	365	1	10	0	16	389	3	0
3668	0	4	6	368	3	365	1	10	20	16	389	3	0
3668	0	5	3	368	3	365	1	10	10	16	389	3	0
3724	0	1	8	373	9	373	1	10	30	16	389	0	0
3724	0	2	10	373	9	373	1	10	40	16	389	0	0
3724	0	3	2	373	9	373	1	10	0	16	389	0	0
3724	0	4	6	373	9	373	1	10	20	16	389	0	0
3724	0	5	3	373	9	373	1	10	10	16	389	0	0
3732	0	1	8	374	7	373	1	10	30	16	389	1	0
3732	0	2	10	374	7	373	1	10	40	16	389	1	0
3732	0	3	2	374	7	373	1	10	0	16	389	1	0
3732	0	4	6	374	7	373	1	10	20	16	389	1	0
3732	0	5	3	374	7	373	1	10	10	16	389	1	0
3740	0	1	8	375	5	373	1	10	30	16	389	2	0
3740	0	2	10	375	5	373	1	10	40	16	389	2	0
3740	0	3	2	375	5	373	1	10	0	16	389	2	0
3740	0	4	6	375	5	373	1	10	20	16	389	2	0
3740	0	5	3	375	5	373	1	10	10	16	389	2	0
3748	0	1	8	376	3	373	1	10	30	16	389	3	0
3748	0	2	10	376	3	373	1	10	40	16	389	3	0
3748	0	3	2	376	3	373	1	10	0	16	389	3	0
3748	0	4	6	376	3	373	1	10	20	16	389	3	0
3748	0	5	3	376	3	373	1	10	10	16	389	3	0
3844	0	1	8	385	9	385	1	10	30	16	389	0	0
3844	0	2	10	385	9	385	1	10	40	16	389	0	0
3844	0	3	2	385	9	385	1	10	0	16	389	0	0
3844	0	4	6	385	9	385	1	10	20	16	389	0	0
3844	0	5	3	385	9	385	1	10	10	16	389	0	0
3852	0	1	8	386	7	385	1	10	30	16	389	1	0
3852	0	2	10	386	7	385	1	10	40	16	389	1	0
3852	0	3	2	386	7	385	1	10	0	16	389	1	0
3852	0	4	6	386	7	385	1	10	20	16	389	1	0
3852	0	5	3	386	7	385	1	10	10	16	389	1	0
3860	0	1	8	387	5	385	1	10	30	16	389	2	0
3860	0	2	10	387	5	385	1	10	40	16	389	2	0
3860	0	3	2	387	5	385	1	10	0	16	389	2	0
3860	0	4	6	387	5	385	1	10	20	16	389	2	0
3860	0	5	3	387	5	385	1	10	10	16	389	2	0
3868	0	1	8	388	3	385	1	10	30	16	389	3	0
3868	0	2	10	388	3	385	1	10	40	16	389	3	0
3868	0	3	2	388	3	385	1	10	0	16	389	3	0
3868	0	4	6	388	3	385	1	10	20	16	389	3	0
3868	0	5	3	388	3	385	1	10	10	16	389	3	0
3924	0	1	8	393	9	393	1	10	30	16	389	0	0
3924	0	2	10	393	9	393	1	10	40	16	389	0	0
3924	0	3	2	393	9	393	1	10	0	16	389	0	0
3924	0	4	6	393	9	393	1	10	20	16	389	0	0
3924	0	5	3	393	9	393	1	10	10	16	389	0	0
3932	0	1	8	394	7	393	1	10	30	16	389	1	0
3932	0	2	10	394	7	393	1	10	40	16	389	1	0
3932	0	3	2	394	7	393	1	10	0	16	389	1	0
3932	0	4	6	394	7	393	1	10	20	16	389	1	0
3932	0	5	3	394	7	393	1	10	10	16	389	1	0
3940	0	1	8	395	5	393	1	10	30	16	389	2	0
3940	0	2	10	395	5	393	1	10	40	16	389	2	0
3940	0	3	2	395	5	393	1	10	0	16	389	2	0
3940	0	4	6	395	5	393	1	10	20	16	389	2	0
3940	0	5	3	395	5	393	1	10	10	16	389	2	0
3948	0	1	8	396	3	393	1	10	30	16	389	3	0
3948	0	2	10	396	3	393	1	10	40	16	389	3	0
3948	0	3	2	396	3	393	1	10	0	16	389	3	0
3948	0	4	6	396	3	393	1	10	20	16	389	3	0
3948	0	5	3	396	3	393	1	10	10	16	389	3	0
4044	0	1	8	405	9	405	1	10	30	16	389	0	0
4044	0	2	10	405	9	405	1	10	40	16	389	0	0
4044	0	3	2	405	9	405	1	10	0	16	389	0	0
4044	0	4	6	405	9	405	1	10	20	16	389	0	0
4044	0	5	3	405	9	405	1	10	10	16	389	0	0
4052	0	1	8	406	7	405	1	10	30	16	389	1	0
4052	0	2	10	406	7	405	1	10	40	16	389	1	0
4052	0	3	2	406	7	405	1	10	0	16	389	1	0
4052	0	4	6	406	7	405	1	10	20	16	389	1	0
4052	0	5	3	406	7	405	1	10	10	16	389	1	0
4060	0	1	8	407	5	405	1	10	30	16	389	2	0
4060	0	2	10	407	5	405	1	10	40	16	389	2	0
4060	0	3	2	407	5	405	1	10	0	16	389	2	0
4060	0	4	6	407	5	405	1	10	20	16	389	2	0
4060	0	5	3	407	5	405	1	10	10	16	389	2	0
4068	0	1	8	408	3	405	1	10	30	16	389	3	0
4068	0	2	10	408	3	405	1	10	40	16	389	3	0
4068	0	3	2	408	3	405	1	10	0	16	389	3	0
4068	0	4	6	408	3	405	1	10	20	16	389	3	0
4068	0	5	3	408	3	405	1	10	10	16	389	3	0
4124	0	1	8	413	9	413	1	10	30	16	389	0	0
4124	0	2	10	413	9	413	1	10	40	16	389	0	0
4124	0	3	2	413	9	413	1	10	0	16	389	0	0
4124	0	4	6	413	9	413	1	10	20	16	389	0	0
4124	0	5	3	413	9	413	1	10	10	16	389	0	0
4132	0	1	8	414	7	413	1	10	30	16	389	1	0
4132	0	2	10	414	7	413	1	10	40	16	389	1	0
4132	0	3	2	414	7	413	1	10	0	16	389	1	0
4132	0	4	6	414	7	413	1	10	20	16	389	1	0
4132	0	5	3	414	7	413	1	10	10	16	389	1	0
4140	0	1	8	415	5	413	1	10	30	16	389	2	0
4140	0	2	10	415	5	413	1	10	40	16	389	2	0
4140	0	3	2	415	5	413	1	10	0	16	389	2	0
4140	0	4	6	415	5	413	1	10	20	16	389	2	0
4140	0	5	3	415	5	413	1	10	10	16	389	2	0
4148	0	1	8	416	3	413	1	10	30	16	389	3	0
4148	0	2	10	416	3	413	1	10	40	16	389	3	0
4148	0	3	2	416	3	413	1	10	0	16	389	3	0
4148	0	4	6	416	3	413	1	10	20	16	389	3	0
4148	0	5	3	416	3	413	1	10	10	16	389	3	0
4244	0	1	8	425	9	425	1	10	30	16	389	0	0
4244	0	2	10	425	9	425	1	10	40	16	389	0	0
4244	0	3	2	425	9	425	1	10	0	16	389	0	0
4244	0	4	6	425	9	425	1	10	20	16	389	0	0
4244	0	5	3	425	9	425	1	10	10	16	389	0	0
4252	0	1	8	426	7	425	1	10	30	16	389	1	0
4252	0	2	10	426	7	425	1	10	40	16	389	1	0
4252	0	3	2	426	7	425	1	10	0	16	389	1	0
4252	0	4	6	426	7	425	1	10	20	16	389	1	0
4252	0	5	3	426	7	425	1	10	10	16	389	1	0
4260	0	1	8	427	5	425	1	10	30	16	389	2	0
4260	0	2	10	427	5	425	1	10	40	16	389	2	0
4260	0	3	2	427	5	425	1	10	0	16	389	2	0
4260	0	4	6	427	5	425	1	10	20	16	389	2	0
4260	0	5	3	427	5	425	1	10	10	16	389	2	0
4268	0	1	8	428	3	425	1	10	30	16	389	3	0
4268	0	2	10	428	3	425	1	10	40	16	389	3	0
4268	0	3	2	428	3	425	1	10	0	16	389	3	0
4268	0	4	6	428	3	425	1	10	20	16	389	3	0
4268	0	5	3	428	3	425	1	10	10	16	389	3	0
4324	0	1	8	433	9	433	1	10	30	16	389	0	0
4324	0	2	10	433	9	433	1	10	40	16	389	0	0
4324	0	3	2	433	9	433	1	10	0	16	389	0	0
4324	0	4	6	433	9	433	1	10	20	16	389	0	0
4324	0	5	3	433	9	433	1	10	10	16	389	0	0
4332	0	1	8	434	7	433	1	10	30	16	389	1	0
4332	0	2	10	434	7	433	1	10	40	16	389	1	0
4332	0	3	2	434	7	433	1	10	0	16	389	1	0
4332	0	4	6	434	7	433	1	10	20	16	389	1	0
4332	0	5	3	434	7	433	1	10	10	16	389	1	0
4340	0	1	8	435	5	433	1	10	30	16	389	2	0
4340	0	2	10	435	5	433	1	10	40	16	389	2	0
4340	0	3	2	435	5	433	1	10	0	16	389	2	0
4340	0	4	6	435	5	433	1	10	20	16	389	2	0
4340	0	5	3	435	5	433	1	10	10	16	389	2	0
4348	0	1	8	436	3	433	1	10	30	16	389	3	0
4348	0	2	10	436	3	433	1	10	40	16	389	3	0
4348	0	3	2	436	3	433	1	10	0	16	389	3	0
4348	0	4	6	436	3	433	1	10	20	16	389	3	0
4348	0	5	3	436	3	433	1	10	10	16	389	3	0
4444	0	1	8	445	9	445	1	10	30	16	389	0	0
4444	0	2	10	445	9	445	1	10	40	16	389	0	0
4444	0	3	2	445	9	445	1	10	0	16	389	0	0
4444	0	4	6	445	9	445	1	10	20	16	389	0	0
4444	0	5	3	445	9	445	1	10	10	16	389	0	0
4452	0	1	8	446	7	445	1	10	30	16	389	1	0
4452	0	2	10	446	7	445	1	10	40	16	389	1	0
4452	0	3	2	446	7	445	1	10	0	16	389	1	0
4452	0	4	6	446	7	445	1	10	20	16	389	1	0
4452	0	5	3	446	7	445	1	10	10	16	389	1	0
4460	0	1	8	447	5	445	1	10	30	16	389	2	0
4460	0	2	10	447	5	445	1	10	40	16	389	2	0
4460	0	3	2	447	5	445	1	10	0	16	389	2	0
4460	0	4	6	447	5	445	1	10	20	16	389	2	0
4460	0	5	3	447	5	445	1	10	10	16	389	2	0
4468	0	1	8	448	3	445	1	10	30	16	389	3	0
4468	0	2	10	448	3	445	1	10	40	16	389	3	0
4468	0	3	2	448	3	445	1	10	0	16	389	3	0
4468	0	4	6	448	3	445	1	10	20	16	389	3	0
4468	0	5	3	448	3	445	1	10	10	16	389	3	0
4524	0	1	8	453	9	453	1	10	30	16	389	0	0
4524	0	2	10	453	9	453	1	10	40	16	389	0	0
4524	0	3	2	453	9	453	1	10	0	16	389	0	0
4524	0	4	6	453	9	453	1	10	20	16	389	0	0
4524	0	5	3	453	9	453	1	10	10	16	389	0	0
4532	0	1	8	454	7	453	1	10	30	16	389	1	0
4532	0	2	10	454	7	453	1	10	40	16	389	1	0
4532	0	3	2	454	7	453	1	10	0	16	389	1	0
4532	0	4	6	454	7	453	1	10	20	16	389	1	0
4532	0	5	3	454	7	453	1	10	10	16	389	1	0
4540	0	1	8	455	5	453	1	10	30	16	389	2	0
4540	0	2	10	455	5	453	1	10	40	16	389	2	0
4540	0	3	2	455	5	453	1	10	0	16	389	2	0
4540	0	4	6	455	5	453	1	10	20	16	389	2	0
4540	0	5	3	455	5	453	1	10	10	16	389	2	0
4548	0	1	8	456	3	453	1	10	30	16	389	3	0
4548	0	2	10	456	3	453	1	10	40	16	389	3	0
4548	0	3	2	456	3	453	1	10	0	16	389	3	0
4548	0	4	6	456	3	453	1	10	20	16	389	3	0
4548	0	5	3	456	3	453	1	10	10	16	389	3	0
4644	0	1	8	465	9	465	1	10	30	16	389	0	0
4644	0	2	10	465	9	465	1	10	40	16	389	0	0
4644	0	3	2	465	9	465	1	10	0	16	389	0	0
4644	0	4	6	465	9	465	1	10	20	16	389	0	0
4644	0	5	3	465	9	465	1	10	10	16	389	0	0
4652	0	1	8	466	7	465	1	10	30	16	389	1	0
4652	0	2	10	466	7	465	1	10	40	16	389	1	0
4652	0	3	2	466	7	465	1	10	0	16	389	1	0
4652	0	4	6	466	7	465	1	10	20	16	389	1	0
4652	0	5	3	466	7	465	1	10	10	16	389	1	0
4660	0	1	8	467	5	465	1	10	30	16	389	2	0
4660	0	2	10	467	5	465	1	10	40	16	389	2	0
4660	0	3	2	467	5	465	1	10	0	16	389	2	0
4660	0	4	6	467	5	465	1	10	20	16	389	2	0
4660	0	5	3	467	5	465	1	10	10	16	389	2	0
4668	0	1	8	468	3	465	1	10	30	16	389	3	0
4668	0	2	10	468	3	465	1	10	40	16	389	3	0
4668	0	3	2	468	3	465	1	10	0	16	389	3	0
4668	0	4	6	468	3	465	1	10	20	16	389	3	0
4668	0	5	3	468	3	465	1	10	10	16	389	3	0
4724	0	1	8	473	9	473	1	10	30	16	389	0	0
4724	0	2	10	473	9	473	1	10	40	16	389	0	0
4724	0	3	2	473	9	473	1	10	0	16	389	0	0
4724	0	4	6	473	9	473	1	10	20	16	389	0	0
4724	0	5	3	473	9	473	1	10	10	16	389	0	0
4732	0	1	8	474	7	473	1	10	30	16	389	1	0
4732	0	2	10	474	7	473	1	10	40	16	389	1	0
4732	0	3	2	474	7	473	1	10	0	16	389	1	0
4732	0	4	6	474	7	473	1	10	20	16	389	1	0
4732	0	5	3	474	7	473	1	10	10	16	389	1	0
4740	0	1	8	475	5	473	1	10	30	16	389	2	0
4740	0	2	10	475	5	473	1	10	40	16	389	2	0
4740	0	3	2	475	5	473	1	10	0	16	389	2	0
4740	0	4	6	475	5	473	1	10	20	16	389	2	0
4740	0	5	3	475	5	473	1	10	10	16	389	2	0
4748	0	1	8	476	3	473	1	10	30	16	389	3	0
4748	0	2	10	476	3	473	1	10	40	16	389	3	0
4748	0	3	2	476	3	473	1	10	0	16	389	3	0
4748	0	4	6	476	3	473	1	10	20	16	389	3	0
4748	0	5	3	476	3	473	1	10	10	16	389	3	0
4844	0	1	8	485	9	485	1	10	30	16	389	0	0
4844	0	2	10	485	9	485	1	10	40	16	389	0	0
4844	0	3	2	485	9	485	1	10	0	16	389	0	0
4844	0	4	6	485	9	485	1	10	20	16	389	0	0
4844	0	5	3	485	9	485	1	10	10	16	389	0	0
4852	0	1	8	486	7	485	1	10	30	16	389	1	0
4852	0	2	10	486	7	485	1	10	40	16	389	1	0
4852	0	3	2	486	7	485	1	10	0	16	389	1	0
4852	0	4	6	486	7	485	1	10	20	16	389	1	0
4852	0	5	3	486	7	485	1	10	10	16	389	1	0
4860	0	1	8	487	5	485	1	10	30	16	389	2	0
4860	0	2	10	487	5	485	1	10	40	16	389	2	0
4860	0	3	2	487	5	485	1	10	0	16	389	2	0
4860	0	4	6	487	5	485	1	10	20	16	389	2	0
4860	0	5	3	487	5	485	1	10	10	16	389	2	0
4868	0	1	8	488	3	485	1	10	30	16	389	3	0
4868	0	2	10	488	3	485	1	10	40	16	389	3	0
4868	0	3	2	488	3	485	1	10	0	16	389	3	0
4868	0	4	6	488	3	485	1	10	20	16	389	3	0
4868	0	5	3	488	3	485	1	10	10	16	389	3	0
4924	0	1	8	493	9	493	1	10	30	16	389	0	0
4924	0	2	10	493	9	493	1	10	40	16	389	0	0
4924	0	3	2	493	9	493	1	10	0	16	389	0	0
4924	0	4	6	493	9	493	1	10	20	16	389	0	0
4924	0	5	3	493	9	493	1	10	10	16	389	0	0
4932	0	1	8	494	7	493	1	10	30	16	389	1	0
4932	0	2	10	494	7	493	1	10	40	16	389	1	0
4932	0	3	2	494	7	493	1	10	0	16	389	1	0
4932	0	4	6	494	7	493	1	10	20	16	389	1	0
4932	0	5	3	494	7	493	1	10	10	16	389	1	0
4940	0	1	8	495	5	493	1	10	30	16	389	2	0
4940	0	2	10	495	5	493	1	10	40	16	389	2	0
4940	0	3	2	495	5	493	1	10	0	16	389	2	0
4940	0	4	6	495	5	493	1	10	20	16	389	2	0
4940	0	5	3	495	5	493	1	10	10	16	389	2	0
4948	0	1	8	496	3	493	1	10	30	16	389	3	0
4948	0	2	10	496	3	493	1	10	40	16	389	3	0
4948	0	3	2	496	3	493	1	10	0	16	389	3	0
4948	0	4	6	496	3	493	1	10	20	16	389	3	0
4948	0	5	3	496	3	493	1	10	10	16	389	3	0
